k = 1
[355.,   0.,   2.,   0.,   0.,   0.,   0.,   1.,   0.,   1.] 355/359
[  0., 255.,   0.,   0.,   6.,   0.,   2.,   1.,   0.,   0.] 255/264
[  6.,   1., 183.,   2.,   1.,   0.,   0.,   2.,   3.,   0.] 183/194
[  3.,   0.,   2., 154.,   0.,   5.,   0.,   0.,   0.,   2.] 154/166
[  0.,   3.,   1.,   0., 182.,   1.,   2.,   2.,   1.,   8.] 182/200
[  2.,   1.,   2.,   4.,   0., 145.,   2.,   0.,   3.,   1.] 145/160
[  0.,   0.,   1.,   0.,   2.,   3., 164.,   0.,   0.,   0.] 164/170
[  0.,   1.,   1.,   1.,   4.,   0.,   0., 139.,   0.,   1.] 139/147
[  5.,   0.,   1.,   6.,   1.,   1.,   0.,   1., 148.,   3.] 148/166
[  0.,   0.,   1.,   0.,   2.,   0.,   0.,   4.,   1., 169.] 169/177 
 
Fehlerquote: 109/2007

k=2
[355.,   0.,   3.,   0.,   0.,   0.,   1.,   0.,   0.,   0.] 355/359
[ 21., 239.,   1.,   0.,   2.,   0.,   0.,   1.,   0.,   0.] 239/264
[ 24.,  14., 154.,   2.,   0.,   1.,   0.,   2.,   1.,   0.] 154/194
[ 13.,  14.,   9., 126.,   0.,   2.,   0.,   1.,   0.,   1.] 126/166
[ 15.,  16.,   7.,  11., 144.,   1.,   3.,   2.,   0.,   1.] 144/200
[ 20.,  10.,   5.,  14.,   5., 104.,   0.,   0.,   1.,   1.] 104/160
[ 17.,  11.,   5.,   9.,   7.,   6., 115.,   0.,   0.,   0.] 115/170
[ 6., 10.,  9.,  4.,  8.,  7.,  5., 98.,  0.,  0.]  98/147
[16., 13., 12., 13.,  7.,  3., 11.,  4., 86.,  1.] 86/166
[12., 15.,  9.,  2.,  8.,  4.,  7., 18.,  7., 95.] 95/177


k=3 
[346.,   2.,   3.,   0.,   2.,   1.,   0.,   3.,   0.,   2.]
[ 24., 230.,   2.,   1.,   4.,   0.,   0.,   2.,   0.,   1.]
[ 24.,  17., 144.,   2.,   0.,   1.,   1.,   4.,   5.,   0.]
[ 17.,   8.,   9., 124.,   0.,   6.,   0.,   1.,   0.,   1.]
[ 20.,  11.,   4.,   6., 148.,   2.,   2.,   2.,   0.,   5.]
[ 24.,  13.,   5.,  10.,   6., 100.,   0.,   0.,   1.,   1.]
[ 15.,   9.,   7.,   3.,   6.,   4., 124.,   1.,   0.,   1.]
[  8.,  13.,   6.,   6.,   4.,   5.,   1., 104.,   0.,   0.]
[ 21.,  10.,   9.,   7.,   5.,   1.,   3.,   3., 105.,   2.]
[ 11.,  14.,   9.,   3.,   5.,   2.,   3.,   6.,   0., 124.]


Bei k = 3 wählten wir den Wert, der am häufigsten in der Liste vorkam.
Sollten alle drei Werte unterschiedlich sein, wählten wir den ersten Wert. 
Dies ist besonders bei k = 2 zu bemerken.
Alternativ könnte man den Wert zufällig wählen.
Es ist festzuhalten, dass bei steigendem k die Fehlerquote sich erhöht.
K = 1 lieferte die besten Ergebnisse. 
Nach Schubfachprinzip erhält man mit k = 3 bessere Werte als bei k = 2,
doch sind die Ergebnisse immer noch nicht so gut wie bei k = 1.
Es ist zu erwarten, dass mit steigendem k die Fehlerquote auch steigt.

